101299
101030
100953
100810
100711
100608
100595
100493
100465
100403
100351
100256
100197
100107
100063
99979
99935
99858
99790
99690
99644
99533
99476
99363
99317
99239
99213
99162
99120
99074
99058
99044
99070
99103
99161
99212
99277
99310
99359
99400
99460
99506
99579
99648
99732
99798
99873
99936
100010
100068
100139
100194
100247
100302
100371
100419
100464
100494
100549
100589
100635
100660
100714
100758
100804
100830
100867
100889
100912
100919
100954
100980
101013
101035
101089
101127
101141
101126
101136
101123
101114
101079
101065
101042
101051
101061
101100
101099
101094
101072
101051
101026
101001
100988
101005
100996
101003
101001
101030
101026
101033
101022
101039
101038
101044
101010
101016
101012
101024
101016
101038
101039
101026
101016
101009
100997
101005
100987
101003
101010
101030
101017
101033
101031
101039
101029
101044
101019
101016
101003
101024
101025
101038
101030
101026
101025
101009
100988
101005
100996
101003
101001
101030
101026
101033
101022
101039
101038
101044
101010
101016
101012
101024
101016
101038
101039
101026
101016
101009
100997
101005
100987
101003
101010
101030
101017
101033
101031
101039
101029
101044
101019
101016
101003
101024
101025
101038
101030
101026
101025
101009
100988
101005
100996
101003
101001
101030
101026
101033
101022
101039
101038
101044
101010
101016
101012
101024
101016
101038
101039
101026
101016
101009
100997
101005
100987
101003
101010
101030
101017
101033
101031
101039
101029
101044
101019
101016
101003
101024
101025
101038
101030
101026
101025
101009
100988
101005
100996
101003
101001
101030
101026
101033
101022
101039
101038
101044
101010
101016
101012
101024
101016
101038
101039
101026
101016
101009
100997
101005
100987
101003
101010
101030
101017
101033
101031
101039
101029
101044
101019
101016
101003
101024
101025
101038
101030
101026
101025
101009
100988
101005
100996
101003
101001
101030
101026
101033
101022
101039
101038
101044
101010
101016
101012
101024
101016
101038
101039
101026
101016
101009
100997
101005
100987
101003
101010
101030
101017
101033
101031
101039
101029
101044
101019
101016
101003
101024
101025
101038
101030
101026
101025
101009
100988
101005
100996
101003
101001
101030
101026
101033
101022
101039
101038
101044
101010
101016
101012
101024
101016
101038
101039
101026
101016
101009
100997
101005
100987
101003
101010
101030
101017
101033
101031
101039
101029
101044
101019
101016
101003
101024
101025
101038
101030
101026
101025
101009
100988
101005
100996
101003
101001
101030
101026
101033
101022
101039
101038
101044
101010
101016
101012
101024
101016
101038
101039
101026
101016
101009
100997
101005
100987
101003
101010
101030
101017
101033
101031
101039
101029
101044
101019
101016
101003
101024
101025
101038
101030
101026
101025
101009
100988
101005
100996
101003
101001
101030
101026
101033
101022
101039
101038
101044
101010
101016
101012
101024
101016
101038
101039
101026
101016
101009
100997
101005
100987
101003
101010
101030
101017
101033
101031
101039
101029
101044
101019
101016
101003
101024
101025
101038
101030
101026
101025
101009
100988
101005
100996
101003
101001
101030
101026
101033
101022
101039
101038
101044
101010
101016
101012
101024
101016
101038
101039
101026
101016
101009
100997
101005
100987
101003
101010
101030
101017
101033
101031
101039
101029
101044
101019
101016
101003
101024
101025
101038
101030
101026
101025
101009
100988
101005
100996
101003
101001
101030
101026
101033
101022
101039
101038
101044
101010
101016
101012
101024
101016
101038
101039
101026
101016
101009
100997
101005
100987
101003
101010
101030
101017
101033
101031
101039
101029
101044
101019
101016
101003
101024
101025
101038
101030
101026
101025
101009
100988
101005
100996
101003
101001
101030
101026
101033
101022
101039
101038
101044
101010
101016
101012
101024
101016
101038
101039
101026
101016
101009
100997
101005
100987
101003
101010
101030
101017
101033
101031
101039
101029
101044
101019
101016
101003
101024
101025
101038
101030
101026
101025
101009
100988
101005
100996
101003
101001
101030
101026
101033
101022
101039
101038
101044
101010
101016
101012
101024
101016
101038
101039
101026
101016
101009
100997
101005
100987
101003
101010
101030
101017
101033
101031
101039
101029
101044
101019
101016
101003
101024
101025
101038
101030
101026
101025
101009
100988
101005
100996
101003
101001
101030
101026
101033
101022
101039
101038
101044
101010
101016
101012
101024
101016
101038
101039
101026
101016
101009
100997
101005
100987
101003
101010
101030
101017
101033
101031
101039
101029
101044
101019
101016
101003
101024
101025
101038
101030
101026
101025
101009
100988
101005
100996
101003
101001
101030
101026
101033
101022
101039
101038
101044
101010
101016
101012
101024
101016
101038
101039
101026
101016
101009
100997
101005
100987
101003
101010
101030
101017
101033
101031
101039
101029
101044
101019
101016
101003
101024
101025
101038
101030
101026
101025
101009
100988
101005
100996
101003
101001
101030
101026
101033
101022
101039
101038
101044
101010
101016
101012
101024
101016
101038
101039
101026
101016
101009
100997
101005
100987
101003
101010
101030
101017
101033
101031
101039
101029
101044
101019
101016
101003
101024
101025
101038
101030
101026
101025
101009
100988
101005
100996
101003
101001
101030
101026
101033
101022
101039
101038
101044
101010
101016
101012
101024
101016
101038
101039
101026
101016
101009
100997
101005
100987
101003
101010
101030
101017
101033
101031
101039
101029
101044
101019
101016
101003
101024
101025
101038
101030
101026
101025
101009
100988
101005
100996
101003
101001
101030
101026
101033
101022
101039
101038
101044
101010
101016
101012
101024
101016
101038
101039
101026
101016
101009
100997
101005
100987
101003
101010
101030
101017
101033
101031
101039
101029
101044
101019
101016
101003
101024
101025
101038
101030
101026
101025
101009
100988
101005
100996
101003
101001
101030
101026
101033
101022
101039
101038
101044
101010
101016
101012
101024
101016
101038
101039
101026
101016
101009
100997
101005
100987
101003
101010
101030
101017
101033
101031
101039
101029
101044
101019
101016
101003
101024
101025
101038
101030
101026
101025
101009
100988
101005
100996
101003
101001
101030
101026
101033
101022
101039
101038
101044
101010
101016
101012
101024
101016
101038
101039
101026
101016
101009
100997
101005
100987
101003
101010
101030
101017
101033
101031
101039
101029
101044
101019
101016
101003
101024
101025
101038
101030
101026
101025
101009
100988
101005
100996
101003
101001
101030
101026
101033
101022
101039
101038
101044
101010
101016
101012
101024
101016
101038
101039
101026
101016
101009
100997
101005
100987
101003
101010
101030
101017
101033
101031
101039
101029
101044
101019
101016
101003
101024
101025
101038
101030
101026
101025
101009
100988
101005
100996
101003
101001
101030
101026
101033
101022
101039
101038
101044
101010
101016
101012
101024
101016
101038
101039
101026
101016
101009
100997
101005
100987
101003
101010
